(-13.046802, 27.725243, 61.078377) (7.402213, 26.132278, 63.746479) (8.926356, 46.323917, 64.0271)
(23.234175, 46.622055, -39.826004) (21.643587, 25.550194, -40.118843) (0.303135, 27.212593, -42.903263)
(-11.522649, 47.916882, 61.359005) (1.893717, 48.284458, -42.61042) (0.303135, 27.212593, -42.903263)
(-13.046802, 27.725243, 61.078377) (0.303135, 27.212593, -42.903263) (21.643587, 25.550194, -40.118843)
(21.643587, 25.550194, -40.118843) (23.234175, 46.622055, -39.826004) (8.926356, 46.323917, 64.0271)
(-11.522649, 47.916882, 61.359005) (8.926356, 46.323917, 64.0271) (23.234175, 46.622055, -39.826004)
(-11.522649, 47.916882, 61.359005) (-13.046802, 27.725243, 61.078377) (8.926356, 46.323917, 64.0271)
(1.893717, 48.284458, -42.61042) (23.234175, 46.622055, -39.826004) (0.303135, 27.212593, -42.903263)
(-13.046802, 27.725243, 61.078377) (-11.522649, 47.916882, 61.359005) (0.303135, 27.212593, -42.903263)
(7.402213, 26.132278, 63.746479) (-13.046802, 27.725243, 61.078377) (21.643587, 25.550194, -40.118843)
(7.402213, 26.132278, 63.746479) (21.643587, 25.550194, -40.118843) (8.926356, 46.323917, 64.0271)
(1.893717, 48.284458, -42.61042) (-11.522649, 47.916882, 61.359005) (23.234175, 46.622055, -39.826004)
