(-27.444418, 88.192688, 89.500145) (-6.326275, 87.67733, 90.098991) (-5.736349, 87.307983, 68.977539)
(-7.927929, -0.778601, 70.456718) (-8.517855, -0.409246, 91.578163) (-29.635996, 0.106116, 90.979317)
(-26.854486, 87.823341, 68.378693) (-29.046076, -0.263236, 69.857872) (-29.635996, 0.106116, 90.979317)
(-27.444418, 88.192688, 89.500145) (-29.635996, 0.106116, 90.979317) (-8.517855, -0.409246, 91.578163)
(-8.517855, -0.409246, 91.578163) (-7.927929, -0.778601, 70.456718) (-5.736349, 87.307983, 68.977539)
(-26.854486, 87.823341, 68.378693) (-5.736349, 87.307983, 68.977539) (-7.927929, -0.778601, 70.456718)
(-26.854486, 87.823341, 68.378693) (-27.444418, 88.192688, 89.500145) (-5.736349, 87.307983, 68.977539)
(-29.046076, -0.263236, 69.857872) (-7.927929, -0.778601, 70.456718) (-29.635996, 0.106116, 90.979317)
(-27.444418, 88.192688, 89.500145) (-26.854486, 87.823341, 68.378693) (-29.635996, 0.106116, 90.979317)
(-6.326275, 87.67733, 90.098991) (-27.444418, 88.192688, 89.500145) (-8.517855, -0.409246, 91.578163)
(-6.326275, 87.67733, 90.098991) (-8.517855, -0.409246, 91.578163) (-5.736349, 87.307983, 68.977539)
(-29.046076, -0.263236, 69.857872) (-26.854486, 87.823341, 68.378693) (-7.927929, -0.778601, 70.456718)
