(-11.389158, 39.766647, 62.022388) (9.728984, 39.251289, 62.621235) (10.31891, 38.881939, 41.499786)
(0.303185, -48.885769, 50.375832) (0.138508, -48.782661, 56.271854) (-5.756594, -48.638802, 56.104691)
(-10.799228, 39.397297, 40.90094) (-5.591919, -48.741905, 50.208664) (-5.756594, -48.638802, 56.104691)
(-11.389158, 39.766647, 62.022388) (-5.756594, -48.638802, 56.104691) (0.138508, -48.782661, 56.271854)
(0.138508, -48.782661, 56.271854) (0.303185, -48.885769, 50.375832) (10.31891, 38.881939, 41.499786)
(-10.799228, 39.397297, 40.90094) (10.31891, 38.881939, 41.499786) (0.303185, -48.885769, 50.375832)
(-10.799228, 39.397297, 40.90094) (-11.389158, 39.766647, 62.022388) (10.31891, 38.881939, 41.499786)
(-5.591919, -48.741905, 50.208664) (0.303185, -48.885769, 50.375832) (-5.756594, -48.638802, 56.104691)
(-11.389158, 39.766647, 62.022388) (-10.799228, 39.397297, 40.90094) (-5.756594, -48.638802, 56.104691)
(9.728984, 39.251289, 62.621235) (-11.389158, 39.766647, 62.022388) (0.138508, -48.782661, 56.271854)
(9.728984, 39.251289, 62.621235) (0.138508, -48.782661, 56.271854) (10.31891, 38.881939, 41.499786)
(-5.591919, -48.741905, 50.208664) (-10.799228, 39.397297, 40.90094) (0.303185, -48.885769, 50.375832)
